import os
import matplotlib.pyplot as plotter

def GetFilepathArray(rootDir):
    filepaths = []

    for subdir, dirs, files in os.walk(rootDir):
        for file in files:
            if file.split(".")[1] == "mpt":
                filepaths.append(os.path.join(subdir, file))

    return filepaths

def GetAbsOfArray(Array):
    results = []

    for entry in Array:
        results.append(abs(entry))

    return results

def PlotAndSaveLPRGraph(filepathToSaveTo, ArrayToPlot, xAxisLabel, yAxisLabel):
    # sets the plot to about the size of a piece of paper
    plotter.figure(figsize=(11, 8), dpi=600)
    # in puts the data to the plotter
    plotter.plot(ArrayToPlot[0], ArrayToPlot[1], ".", markersize=3)
    plotter.ylabel(yAxisLabel)
    plotter.xlabel(xAxisLabel)
    # plotter.savefig(filepathToSaveTo, bbox_inches='tight')
    plotter.show()

def PlotAndSaveTPGraph(filepathToSaveTo, ArrayToPlot, xAxisLabel, yAxisLabel):
    plotter.figure(figsize=(11, 8), dpi=600)
    plotter.plot(GetAbsOfArray(ArrayToPlot[0]), ArrayToPlot[1], ".", markersize=3)
    plotter.ylabel(yAxisLabel)
    plotter.xlabel(xAxisLabel)
    # plotter.savefig(filepathToSaveTo, bbox_inches='tight')
    plotter.show()

LPRvoltage = [-1.82E-01, -1.82E-01, -1.82E-01, -1.82E-01, -1.82E-01, -1.82E-01, -1.82E-01, -1.82E-01, -1.82E-01, -1.82E-01, -1.82E-01, -1.82E-01, -1.82E-01, -1.82E-01, -1.82E-01, -1.82E-01, -1.82E-01, -1.82E-01, -1.82E-01, -1.82E-01, -1.81E-01, -1.81E-01, -1.81E-01, -1.81E-01, -1.81E-01, -1.81E-01, -1.81E-01, -1.81E-01, -1.81E-01, -1.81E-01, -1.81E-01, -1.81E-01, -1.81E-01, -1.81E-01, -1.81E-01, -1.81E-01, -1.81E-01, -1.81E-01, -1.81E-01, -1.81E-01, -1.80E-01, -1.80E-01, -1.80E-01, -1.80E-01, -1.80E-01, -1.80E-01, -1.80E-01, -1.80E-01, -1.80E-01, -1.80E-01, -1.80E-01, -1.80E-01, -1.80E-01, -1.80E-01, -1.80E-01, -1.80E-01, -1.80E-01, -1.80E-01, -1.80E-01, -1.79E-01, -1.79E-01, -1.79E-01, -1.79E-01, -1.79E-01, -1.79E-01, -1.79E-01, -1.79E-01, -1.79E-01, -1.79E-01, -1.79E-01, -1.79E-01, -1.79E-01, -1.79E-01, -1.79E-01, -1.79E-01, -1.79E-01, -1.79E-01, -1.79E-01, -1.78E-01, -1.78E-01, -1.78E-01, -1.78E-01, -1.78E-01, -1.78E-01, -1.78E-01, -1.78E-01, -1.78E-01, -1.78E-01, -1.78E-01, -1.78E-01, -1.78E-01, -1.78E-01, -1.78E-01, -1.78E-01, -1.78E-01, -1.78E-01, -1.78E-01, -1.78E-01, -1.78E-01, -1.77E-01, -1.77E-01, -1.77E-01, -1.77E-01, -1.77E-01, -1.77E-01, -1.77E-01, -1.77E-01, -1.77E-01, -1.77E-01, -1.77E-01, -1.77E-01, -1.77E-01, -1.77E-01, -1.77E-01, -1.77E-01, -1.77E-01, -1.77E-01, -1.77E-01, -1.77E-01, -1.76E-01, -1.76E-01, -1.76E-01, -1.76E-01, -1.76E-01, -1.76E-01, -1.76E-01, -1.76E-01, -1.76E-01, -1.76E-01, -1.76E-01, -1.76E-01, -1.76E-01, -1.76E-01, -1.76E-01, -1.76E-01, -1.76E-01, -1.76E-01, -1.76E-01, -1.75E-01, -1.76E-01, -1.75E-01, -1.75E-01, -1.75E-01, -1.75E-01, -1.75E-01, -1.75E-01, -1.75E-01, -1.75E-01, -1.75E-01, -1.75E-01, -1.75E-01, -1.75E-01, -1.75E-01, -1.75E-01, -1.75E-01, -1.75E-01, -1.75E-01, -1.75E-01, -1.75E-01, -1.74E-01, -1.74E-01, -1.74E-01, -1.74E-01, -1.74E-01, -1.74E-01, -1.74E-01, -1.74E-01, -1.74E-01, -1.74E-01, -1.74E-01, -1.74E-01, -1.74E-01, -1.74E-01, -1.74E-01, -1.74E-01, -1.74E-01, -1.74E-01, -1.74E-01, -1.74E-01, -1.73E-01, -1.73E-01, -1.73E-01, -1.73E-01, -1.73E-01, -1.73E-01, -1.73E-01, -1.73E-01, -1.73E-01, -1.73E-01, -1.73E-01, -1.72E-01, -1.72E-01, -1.72E-01, -1.72E-01, -1.72E-01, -1.72E-01, -1.72E-01, -1.72E-01, -1.72E-01, -1.72E-01, -1.72E-01, -1.72E-01, -1.72E-01, -1.71E-01, -1.71E-01, -1.71E-01, -1.71E-01, -1.71E-01, -1.71E-01, -1.71E-01, -1.71E-01, -1.71E-01, -1.71E-01, -1.71E-01, -1.71E-01, -1.71E-01, -1.71E-01, -1.71E-01, -1.71E-01, -1.71E-01, -1.71E-01, -1.70E-01, -1.70E-01, -1.70E-01, -1.70E-01, -1.70E-01, -1.70E-01, -1.70E-01, -1.70E-01, -1.70E-01, -1.70E-01, -1.70E-01, -1.70E-01, -1.70E-01, -1.70E-01, -1.70E-01, -1.70E-01, -1.70E-01, -1.70E-01, -1.70E-01, -1.70E-01, -1.69E-01, -1.69E-01, -1.69E-01, -1.69E-01, -1.69E-01, -1.69E-01, -1.69E-01, -1.69E-01, -1.69E-01, -1.69E-01, -1.69E-01, -1.69E-01, -1.69E-01, -1.69E-01, -1.69E-01, -1.69E-01, -1.69E-01, -1.69E-01, -1.69E-01, -1.69E-01, -1.69E-01, -1.68E-01, -1.68E-01, -1.68E-01, -1.68E-01, -1.68E-01, -1.68E-01, -1.68E-01, -1.68E-01, -1.68E-01, -1.68E-01, -1.68E-01, -1.68E-01, -1.68E-01, -1.68E-01, -1.68E-01, -1.68E-01, -1.68E-01, -1.68E-01, -1.68E-01, -1.68E-01, -1.67E-01, -1.67E-01, -1.67E-01, -1.67E-01, -1.67E-01, -1.67E-01, -1.67E-01, -1.67E-01, -1.67E-01, -1.67E-01, -1.67E-01, -1.67E-01, -1.67E-01, -1.67E-01, -1.67E-01, -1.67E-01, -1.67E-01, -1.67E-01, -1.67E-01, -1.67E-01, -1.66E-01, -1.66E-01, -1.66E-01, -1.66E-01, -1.66E-01, -1.66E-01, -1.66E-01, -1.66E-01, -1.66E-01, -1.66E-01, -1.66E-01, -1.66E-01, -1.66E-01, -1.66E-01, -1.66E-01, -1.66E-01, -1.66E-01, -1.66E-01, -1.66E-01, -1.66E-01, -1.65E-01, -1.65E-01, -1.65E-01, -1.65E-01, -1.65E-01, -1.65E-01, -1.65E-01, -1.65E-01, -1.65E-01, -1.65E-01, -1.65E-01, -1.65E-01, -1.65E-01, -1.65E-01, -1.65E-01, -1.65E-01, -1.65E-01, -1.65E-01, -1.65E-01, -1.65E-01, -1.65E-01, -1.64E-01, -1.64E-01, -1.64E-01, -1.64E-01, -1.64E-01, -1.64E-01, -1.64E-01, -1.64E-01, -1.64E-01, -1.64E-01, -1.64E-01, -1.64E-01, -1.64E-01, -1.64E-01, -1.64E-01, -1.64E-01, -1.64E-01, -1.64E-01, -1.64E-01, -1.63E-01, -1.63E-01, -1.63E-01, -1.63E-01, -1.63E-01, -1.63E-01, -1.63E-01, -1.63E-01, -1.63E-01, -1.63E-01, -1.63E-01, -1.63E-01, -1.63E-01, -1.63E-01, -1.63E-01, -1.63E-01, -1.63E-01, -1.63E-01, -1.63E-01, -1.63E-01, -1.62E-01, -1.62E-01, -1.62E-01, -1.62E-01, -1.62E-01, -1.62E-01, -1.62E-01, -1.62E-01, -1.62E-01, -1.62E-01, -1.62E-01, -1.62E-01, -1.62E-01, -1.62E-01, -1.62E-01, -1.62E-01, -1.62E-01, -1.62E-01, -1.62E-01, -1.62E-01, -1.62E-01, -1.61E-01, -1.61E-01, -1.61E-01, -1.61E-01, -1.61E-01, -1.61E-01, -1.61E-01, -1.61E-01, -1.61E-01, -1.61E-01, -1.61E-01, -1.61E-01, -1.61E-01, -1.61E-01, -1.61E-01, -1.61E-01, -1.61E-01, -1.61E-01, -1.61E-01, -1.61E-01, -1.60E-01, -1.60E-01, -1.60E-01, -1.60E-01, -1.60E-01, -1.60E-01, -1.60E-01, -1.60E-01, -1.60E-01, -1.60E-01, -1.60E-01, -1.60E-01, -1.60E-01, -1.60E-01, -1.60E-01, -1.60E-01, -1.60E-01, -1.60E-01, -1.60E-01, -1.60E-01, -1.59E-01, -1.59E-01, -1.59E-01, -1.59E-01, -1.59E-01, -1.59E-01, -1.59E-01, -1.59E-01, -1.59E-01, -1.59E-01, -1.59E-01, -1.59E-01, -1.59E-01, -1.59E-01, -1.59E-01, -1.59E-01, -1.59E-01, -1.59E-01, -1.59E-01, -1.59E-01, -1.58E-01, -1.58E-01, -1.58E-01, -1.58E-01, -1.58E-01, -1.58E-01, -1.58E-01, -1.58E-01, -1.58E-01, -1.58E-01, -1.58E-01, -1.58E-01, -1.58E-01, -1.58E-01, -1.58E-01, -1.58E-01, -1.58E-01, -1.58E-01, -1.58E-01, -1.58E-01, -1.57E-01, -1.57E-01, -1.57E-01, -1.57E-01, -1.57E-01, -1.57E-01, -1.57E-01, -1.57E-01, -1.57E-01, -1.57E-01, -1.57E-01, -1.57E-01, -1.57E-01, -1.57E-01, -1.57E-01, -1.57E-01, -1.57E-01, -1.56E-01, -1.56E-01, -1.56E-01, -1.56E-01, -1.56E-01, -1.56E-01, -1.56E-01, -1.56E-01, -1.56E-01, -1.56E-01, -1.56E-01, -1.56E-01, -1.56E-01, -1.56E-01, -1.56E-01, -1.56E-01, -1.56E-01, -1.56E-01, -1.56E-01, -1.56E-01, -1.55E-01, -1.55E-01, -1.55E-01, -1.55E-01, -1.55E-01, -1.55E-01, -1.55E-01, -1.55E-01, -1.55E-01, -1.55E-01, -1.55E-01, -1.55E-01, -1.55E-01, -1.55E-01, -1.55E-01, -1.55E-01, -1.55E-01, -1.55E-01, -1.55E-01, -1.55E-01, -1.54E-01, -1.54E-01, -1.54E-01, -1.54E-01, -1.54E-01, -1.54E-01, -1.54E-01, -1.54E-01, -1.54E-01, -1.54E-01, -1.54E-01, -1.54E-01, -1.54E-01, -1.54E-01, -1.54E-01, -1.54E-01, -1.54E-01, -1.53E-01, -1.53E-01, -1.53E-01, -1.53E-01, -1.53E-01, -1.53E-01, -1.53E-01, -1.53E-01, -1.53E-01, -1.53E-01, -1.53E-01, -1.53E-01, -1.53E-01, -1.53E-01, -1.53E-01, -1.53E-01, -1.53E-01, -1.52E-01, -1.52E-01, -1.52E-01, -1.52E-01, -1.52E-01, -1.52E-01, -1.52E-01, -1.52E-01, -1.52E-01, -1.52E-01, -1.52E-01, -1.52E-01, -1.52E-01, -1.52E-01, -1.52E-01, -1.52E-01, -1.52E-01, -1.52E-01, -1.52E-01, -1.52E-01, -1.51E-01, -1.51E-01, -1.51E-01, -1.51E-01, -1.51E-01, -1.51E-01, -1.51E-01, -1.51E-01, -1.51E-01, -1.51E-01, -1.51E-01, -1.51E-01, -1.51E-01, -1.51E-01, -1.51E-01, -1.51E-01, -1.51E-01, -1.51E-01, -1.51E-01, -1.51E-01, -1.50E-01, -1.50E-01, -1.50E-01, -1.50E-01, -1.50E-01, -1.50E-01, -1.50E-01, -1.50E-01, -1.50E-01, -1.50E-01, -1.50E-01, -1.50E-01, -1.50E-01, -1.50E-01, -1.50E-01, -1.50E-01, -1.50E-01, -1.50E-01, -1.50E-01, -1.50E-01, -1.49E-01, -1.49E-01, -1.49E-01, -1.49E-01, -1.49E-01, -1.49E-01, -1.49E-01, -1.49E-01, -1.49E-01, -1.49E-01, -1.49E-01, -1.49E-01, -1.49E-01, -1.49E-01, -1.49E-01, -1.49E-01, -1.49E-01, -1.49E-01, -1.49E-01, -1.49E-01, -1.49E-01, -1.48E-01, -1.48E-01, -1.48E-01, -1.48E-01, -1.48E-01, -1.48E-01, -1.48E-01, -1.48E-01, -1.48E-01, -1.48E-01, -1.48E-01, -1.48E-01, -1.48E-01, -1.48E-01, -1.48E-01, -1.48E-01, -1.48E-01, -1.48E-01, -1.48E-01, -1.48E-01, -1.47E-01, -1.47E-01, -1.47E-01, -1.47E-01, -1.47E-01, -1.47E-01, -1.47E-01, -1.47E-01, -1.47E-01, -1.47E-01, -1.47E-01, -1.47E-01, -1.47E-01, -1.47E-01, -1.47E-01, -1.47E-01, -1.47E-01, -1.47E-01, -1.47E-01, -1.47E-01, -1.47E-01, -1.46E-01, -1.46E-01, -1.46E-01, -1.46E-01, -1.46E-01, -1.46E-01, -1.46E-01, -1.46E-01, -1.46E-01, -1.46E-01, -1.46E-01, -1.46E-01, -1.46E-01, -1.46E-01, -1.46E-01, -1.46E-01, -1.46E-01, -1.46E-01, -1.46E-01, -1.46E-01, -1.45E-01, -1.45E-01, -1.45E-01, -1.45E-01, -1.45E-01, -1.45E-01, -1.45E-01, -1.45E-01, -1.45E-01, -1.45E-01, -1.45E-01, -1.45E-01, -1.45E-01, -1.45E-01, -1.45E-01, -1.45E-01, -1.45E-01, -1.45E-01, -1.45E-01, -1.45E-01, -1.44E-01, -1.44E-01, -1.44E-01, -1.44E-01, -1.44E-01, -1.44E-01, -1.44E-01, -1.44E-01, -1.44E-01, -1.44E-01, -1.44E-01, -1.44E-01, -1.44E-01, -1.44E-01, -1.44E-01, -1.44E-01, -1.44E-01, -1.44E-01, -1.44E-01, -1.44E-01, -1.43E-01, -1.43E-01, -1.43E-01, -1.43E-01, -1.43E-01, -1.43E-01, -1.43E-01, -1.43E-01, -1.43E-01, -1.43E-01, -1.43E-01, -1.43E-01, -1.43E-01, -1.43E-01, -1.43E-01, -1.43E-01, -1.43E-01, -1.43E-01, -1.42E-01, -1.43E-01, -1.42E-01, -1.42E-01, -1.42E-01, -1.42E-01, -1.42E-01, -1.42E-01, -1.42E-01, -1.42E-01, -1.42E-01, -1.42E-01, -1.42E-01, -1.42E-01, -1.42E-01, -1.42E-01, -1.42E-01, -1.42E-01, -1.42E-01, -1.42E-01, -1.42E-01, -1.41E-01, -1.41E-01, -1.41E-01, -1.41E-01, -1.41E-01, -1.41E-01, -1.41E-01, -1.41E-01, -1.41E-01, -1.41E-01, -1.41E-01, -1.41E-01, -1.41E-01, -1.41E-01, -1.41E-01, -1.41E-01, -1.41E-01, -1.41E-01, -1.41E-01, -1.41E-01, -1.40E-01, -1.40E-01, -1.40E-01, -1.40E-01, -1.40E-01, -1.40E-01, -1.40E-01, -1.40E-01, -1.40E-01, -1.40E-01, -1.40E-01, -1.40E-01, -1.40E-01, -1.40E-01, -1.40E-01, -1.40E-01, -1.40E-01, -1.40E-01, -1.40E-01, -1.40E-01, -1.40E-01, -1.39E-01, -1.39E-01, -1.39E-01, -1.39E-01, -1.39E-01, -1.39E-01, -1.39E-01, -1.39E-01, -1.39E-01, -1.39E-01, -1.39E-01, -1.39E-01, -1.39E-01, -1.39E-01, -1.39E-01, -1.39E-01, -1.39E-01, -1.39E-01, -1.39E-01, -1.39E-01, -1.38E-01, -1.38E-01, -1.38E-01, -1.38E-01, -1.38E-01, -1.38E-01, -1.38E-01, -1.38E-01, -1.38E-01, -1.38E-01, -1.38E-01, -1.38E-01, -1.38E-01, -1.38E-01, -1.38E-01, -1.38E-01, -1.38E-01, -1.38E-01, -1.38E-01, -1.38E-01, -1.37E-01, -1.37E-01, -1.37E-01, -1.37E-01, -1.37E-01, -1.37E-01, -1.37E-01, -1.37E-01, -1.37E-01, -1.37E-01, -1.37E-01, -1.37E-01, -1.37E-01, -1.37E-01, -1.37E-01, -1.37E-01, -1.37E-01, -1.37E-01, -1.37E-01, -1.37E-01, -1.37E-01, -1.36E-01, -1.36E-01, -1.36E-01, -1.36E-01, -1.36E-01, -1.36E-01, -1.36E-01, -1.36E-01, -1.36E-01, -1.36E-01, -1.36E-01, -1.36E-01, -1.36E-01, -1.36E-01, -1.36E-01, -1.36E-01, -1.36E-01, -1.36E-01, -1.36E-01, -1.36E-01, -1.35E-01, -1.35E-01, -1.35E-01, -1.35E-01, -1.35E-01, -1.35E-01, -1.35E-01, -1.35E-01, -1.35E-01, -1.35E-01, -1.35E-01, -1.35E-01, -1.35E-01, -1.35E-01, -1.35E-01, -1.35E-01, -1.35E-01, -1.35E-01, -1.35E-01, -1.34E-01, -1.34E-01, -1.34E-01, -1.34E-01, -1.34E-01, -1.34E-01, -1.34E-01, -1.34E-01, -1.34E-01, -1.34E-01, -1.34E-01, -1.34E-01, -1.34E-01, -1.34E-01, -1.34E-01, -1.34E-01, -1.34E-01, -1.34E-01, -1.34E-01, -1.34E-01, -1.33E-01, -1.33E-01, -1.33E-01, -1.33E-01, -1.33E-01, -1.33E-01, -1.33E-01, -1.33E-01, -1.33E-01, -1.33E-01, -1.33E-01, -1.33E-01, -1.33E-01, -1.33E-01, -1.33E-01, -1.33E-01, -1.33E-01, -1.33E-01, -1.33E-01, -1.33E-01, -1.32E-01, -1.32E-01, -1.32E-01, -1.32E-01, -1.32E-01, -1.32E-01, -1.32E-01, -1.32E-01, -1.32E-01, -1.32E-01, -1.32E-01, -1.32E-01, -1.32E-01, -1.32E-01, -1.32E-01, -1.32E-01, -1.32E-01, -1.32E-01, -1.32E-01, -1.32E-01, -1.31E-01, -1.31E-01, -1.31E-01, -1.31E-01, -1.31E-01, -1.31E-01, -1.31E-01, -1.31E-01, -1.31E-01, -1.31E-01, -1.31E-01, -1.31E-01, -1.31E-01, -1.31E-01, -1.31E-01, -1.31E-01, -1.31E-01, -1.31E-01, -1.31E-01, -1.31E-01, -1.30E-01, -1.30E-01, -1.30E-01, -1.30E-01, -1.30E-01, -1.30E-01, -1.30E-01, -1.30E-01, -1.30E-01, -1.30E-01, -1.30E-01, -1.30E-01, -1.30E-01, -1.30E-01, -1.30E-01, -1.30E-01, -1.30E-01, -1.30E-01, -1.30E-01, -1.30E-01, -1.30E-01, -1.29E-01, -1.29E-01, -1.29E-01, -1.29E-01, -1.29E-01, -1.29E-01, -1.29E-01, -1.29E-01, -1.29E-01, -1.29E-01, -1.29E-01, -1.29E-01, -1.29E-01, -1.29E-01, -1.29E-01, -1.29E-01, -1.29E-01, -1.29E-01, -1.29E-01, -1.29E-01, -1.28E-01, -1.28E-01, -1.28E-01, -1.28E-01, -1.28E-01, -1.28E-01, -1.28E-01, -1.28E-01, -1.28E-01, -1.28E-01, -1.28E-01, -1.28E-01, -1.28E-01, -1.28E-01, -1.28E-01, -1.28E-01, -1.28E-01, -1.28E-01, -1.28E-01, -1.28E-01, -1.27E-01, -1.27E-01, -1.27E-01, -1.27E-01, -1.27E-01, -1.27E-01, -1.27E-01, -1.27E-01, -1.27E-01, -1.27E-01, -1.27E-01, -1.27E-01, -1.27E-01, -1.27E-01, -1.27E-01, -1.27E-01, -1.27E-01, -1.27E-01, -1.27E-01, -1.26E-01, -1.26E-01, -1.26E-01, -1.26E-01, -1.26E-01, -1.26E-01, -1.26E-01, -1.26E-01, -1.26E-01, -1.26E-01, -1.26E-01, -1.26E-01, -1.26E-01, -1.26E-01, -1.26E-01, -1.26E-01, -1.26E-01, -1.26E-01, -1.26E-01, -1.26E-01, -1.26E-01, -1.25E-01, -1.25E-01, -1.25E-01, -1.25E-01, -1.25E-01, -1.25E-01, -1.25E-01, -1.25E-01, -1.25E-01, -1.25E-01, -1.25E-01, -1.25E-01, -1.25E-01, -1.25E-01, -1.25E-01, -1.25E-01, -1.25E-01, -1.25E-01, -1.25E-01, -1.25E-01, -1.25E-01, -1.24E-01, -1.24E-01, -1.24E-01, -1.24E-01, -1.24E-01, -1.24E-01, -1.24E-01, -1.24E-01, -1.24E-01, -1.24E-01, -1.24E-01, -1.24E-01, -1.24E-01, -1.24E-01, -1.24E-01, -1.24E-01, -1.24E-01, -1.24E-01, -1.24E-01, -1.23E-01, -1.23E-01, -1.23E-01, -1.23E-01, -1.23E-01, -1.23E-01, -1.23E-01, -1.23E-01, -1.23E-01, -1.23E-01, -1.23E-01, -1.23E-01, -1.23E-01, -1.23E-01, -1.23E-01, -1.23E-01]
LPRcurrent = [-1.52E-04, -1.46E-04, -1.39E-04, -1.33E-04, -1.29E-04, -1.24E-04, -1.22E-04, -1.19E-04, -1.17E-04, -1.14E-04, -1.13E-04, -1.10E-04, -1.10E-04, -1.08E-04, -1.06E-04, -1.06E-04, -1.05E-04, -1.03E-04, -1.03E-04, -1.02E-04, -9.97E-05, -9.96E-05, -9.93E-05, -9.84E-05, -9.79E-05, -9.71E-05, -9.64E-05, -9.56E-05, -9.55E-05, -9.41E-05, -9.39E-05, -9.34E-05, -9.34E-05, -9.25E-05, -9.21E-05, -9.15E-05, -9.11E-05, -9.10E-05, -9.05E-05, -8.93E-05, -8.97E-05, -8.75E-05, -8.87E-05, -8.86E-05, -8.82E-05, -8.72E-05, -8.79E-05, -8.60E-05, -8.70E-05, -8.59E-05, -8.56E-05, -8.59E-05, -8.56E-05, -8.44E-05, -8.35E-05, -8.47E-05, -8.38E-05, -8.23E-05, -8.35E-05, -8.26E-05, -8.25E-05, -8.22E-05, -8.22E-05, -8.14E-05, -8.07E-05, -8.06E-05, -8.10E-05, -7.99E-05, -8.10E-05, -7.94E-05, -8.00E-05, -7.87E-05, -7.99E-05, -7.89E-05, -7.81E-05, -7.81E-05, -7.82E-05, -7.75E-05, -7.72E-05, -7.66E-05, -7.79E-05, -7.70E-05, -7.58E-05, -7.53E-05, -7.67E-05, -7.59E-05, -7.52E-05, -7.55E-05, -7.47E-05, -7.47E-05, -7.45E-05, -7.34E-05, -7.46E-05, -7.34E-05, -7.30E-05, -7.23E-05, -7.33E-05, -7.26E-05, -7.19E-05, -7.19E-05, -7.23E-05, -7.18E-05, -7.13E-05, -7.17E-05, -7.09E-05, -6.99E-05, -7.08E-05, -7.01E-05, -6.97E-05, -6.96E-05, -6.94E-05, -6.92E-05, -6.95E-05, -6.83E-05, -6.82E-05, -6.82E-05, -6.80E-05, -6.80E-05, -6.81E-05, -6.66E-05, -6.72E-05, -6.68E-05, -6.74E-05, -6.64E-05, -6.64E-05, -6.74E-05, -6.50E-05, -6.55E-05, -6.59E-05, -6.54E-05, -6.51E-05, -6.55E-05, -6.47E-05, -6.43E-05, -6.41E-05, -6.48E-05, -6.39E-05, -6.32E-05, -6.28E-05, -6.33E-05, -6.28E-05, -6.33E-05, -6.32E-05, -6.26E-05, -6.20E-05, -6.24E-05, -6.16E-05, -6.16E-05, -6.12E-05, -6.08E-05, -5.97E-05, -6.12E-05, -5.98E-05, -5.99E-05, -6.03E-05, -6.09E-05, -5.93E-05, -5.88E-05, -5.90E-05, -5.93E-05, -5.89E-05, -5.90E-05, -5.88E-05, -5.85E-05, -5.81E-05, -5.78E-05, -5.81E-05, -5.72E-05, -5.71E-05, -5.60E-05, -5.74E-05, -5.70E-05, -5.67E-05, -5.60E-05, -5.65E-05, -5.52E-05, -5.54E-05, -5.56E-05, -5.51E-05, -5.50E-05, -5.56E-05, -5.50E-05, -5.41E-05, -5.30E-05, -5.40E-05, -5.33E-05, -5.25E-05, -5.21E-05, -5.24E-05, -5.15E-05, -5.16E-05, -5.30E-05, -5.09E-05, -5.10E-05, -4.87E-05, -4.93E-05, -4.91E-05, -4.96E-05, -4.88E-05, -4.85E-05, -4.84E-05, -4.86E-05, -4.77E-05, -4.77E-05, -4.73E-05, -4.76E-05, -4.69E-05, -4.67E-05, -4.77E-05, -4.63E-05, -4.70E-05, -4.83E-05, -4.56E-05, -4.52E-05, -4.59E-05, -4.50E-05, -4.55E-05, -4.48E-05, -4.53E-05, -4.43E-05, -4.49E-05, -4.47E-05, -4.41E-05, -4.35E-05, -4.38E-05, -4.37E-05, -4.37E-05, -4.32E-05, -4.37E-05, -4.29E-05, -4.33E-05, -4.26E-05, -4.24E-05, -4.32E-05, -4.22E-05, -4.26E-05, -4.21E-05, -4.14E-05, -4.14E-05, -4.12E-05, -4.13E-05, -4.06E-05, -4.05E-05, -4.11E-05, -4.02E-05, -4.02E-05, -3.99E-05, -4.00E-05, -4.03E-05, -3.95E-05, -3.96E-05, -3.90E-05, -3.97E-05, -3.85E-05, -3.84E-05, -3.88E-05, -3.90E-05, -3.85E-05, -3.90E-05, -3.72E-05, -3.80E-05, -3.81E-05, -3.75E-05, -3.73E-05, -3.70E-05, -3.64E-05, -3.70E-05, -3.63E-05, -3.70E-05, -3.61E-05, -3.66E-05, -3.54E-05, -3.60E-05, -3.56E-05, -3.61E-05, -3.57E-05, -3.49E-05, -3.46E-05, -3.49E-05, -3.38E-05, -3.49E-05, -3.41E-05, -3.51E-05, -3.43E-05, -3.41E-05, -3.39E-05, -3.36E-05, -3.36E-05, -3.32E-05, -3.30E-05, -3.31E-05, -3.21E-05, -3.30E-05, -3.24E-05, -3.19E-05, -3.24E-05, -3.22E-05, -3.18E-05, -3.16E-05, -3.09E-05, -3.24E-05, -3.05E-05, -3.11E-05, -3.09E-05, -3.15E-05, -2.98E-05, -3.02E-05, -3.05E-05, -3.03E-05, -3.06E-05, -3.01E-05, -2.93E-05, -3.01E-05, -2.86E-05, -2.91E-05, -2.92E-05, -2.93E-05, -2.82E-05, -2.89E-05, -2.81E-05, -2.81E-05, -2.83E-05, -2.79E-05, -2.80E-05, -2.77E-05, -2.71E-05, -2.70E-05, -2.73E-05, -2.71E-05, -2.66E-05, -2.69E-05, -2.58E-05, -2.71E-05, -2.58E-05, -2.69E-05, -2.50E-05, -2.72E-05, -2.50E-05, -2.62E-05, -2.50E-05, -2.53E-05, -2.50E-05, -2.57E-05, -2.43E-05, -2.47E-05, -2.39E-05, -2.48E-05, -2.47E-05, -2.41E-05, -2.29E-05, -2.44E-05, -2.36E-05, -2.33E-05, -2.30E-05, -2.31E-05, -2.31E-05, -2.29E-05, -2.20E-05, -2.26E-05, -2.29E-05, -2.18E-05, -2.29E-05, -2.13E-05, -2.19E-05, -2.14E-05, -2.22E-05, -2.11E-05, -2.04E-05, -2.11E-05, -2.08E-05, -2.06E-05, -2.08E-05, -2.07E-05, -2.05E-05, -2.00E-05, -2.04E-05, -2.00E-05, -1.94E-05, -1.93E-05, -2.00E-05, -1.99E-05, -1.92E-05, -1.90E-05, -1.86E-05, -1.93E-05, -1.83E-05, -1.89E-05, -1.82E-05, -1.88E-05, -1.73E-05, -1.74E-05, -1.75E-05, -1.79E-05, -1.67E-05, -1.73E-05, -1.71E-05, -1.62E-05, -1.66E-05, -1.67E-05, -1.62E-05, -1.66E-05, -1.57E-05, -1.66E-05, -1.57E-05, -1.59E-05, -1.56E-05, -1.54E-05, -1.53E-05, -1.62E-05, -1.43E-05, -1.56E-05, -1.45E-05, -1.47E-05, -1.46E-05, -1.45E-05, -1.44E-05, -1.38E-05, -1.38E-05, -1.35E-05, -1.38E-05, -1.38E-05, -1.26E-05, -1.35E-05, -1.27E-05, -1.29E-05, -1.34E-05, -1.29E-05, -1.26E-05, -1.32E-05, -1.27E-05, -1.23E-05, -1.12E-05, -1.23E-05, -1.12E-05, -1.22E-05, -1.08E-05, -1.18E-05, -1.07E-05, -1.14E-05, -1.09E-05, -1.12E-05, -9.69E-06, -1.14E-05, -9.82E-06, -1.10E-05, -9.53E-06, -1.00E-05, -9.45E-06, -9.62E-06, -1.01E-05, -9.47E-06, -9.54E-06, -9.05E-06, -9.27E-06, -8.91E-06, -8.45E-06, -8.95E-06, -9.07E-06, -8.21E-06, -8.17E-06, -7.89E-06, -8.12E-06, -7.45E-06, -7.96E-06, -7.76E-06, -6.62E-06, -7.88E-06, -7.08E-06, -6.76E-06, -7.40E-06, -7.03E-06, -6.68E-06, -6.27E-06, -6.27E-06, -5.79E-06, -6.35E-06, -6.20E-06, -5.37E-06, -5.36E-06, -4.72E-06, -6.01E-06, -5.69E-06, -5.34E-06, -5.28E-06, -5.37E-06, -4.45E-06, -4.72E-06, -4.35E-06, -3.81E-06, -2.35E-06, -4.40E-06, -2.79E-06, -2.01E-06, -3.62E-06, -3.32E-06, -2.66E-06, -2.76E-06, -2.05E-06, -3.03E-06, -2.68E-06, -2.66E-06, -1.40E-06, -2.55E-06, -1.96E-06, -1.30E-06, -1.56E-06, -1.99E-06, -1.27E-06, -4.16E-07, -1.22E-06, -1.02E-06, -1.22E-06, -5.22E-07, 1.57E-07, -3.67E-07, 5.30E-07, -6.77E-07, -2.29E-07, 2.35E-07, 2.10E-07, 5.13E-07, 1.18E-06, -1.39E-07, 1.59E-06, 5.65E-07, 1.26E-06, 7.73E-07, 1.73E-06, 2.37E-07, 1.61E-06, 1.95E-06, 1.32E-06, 2.17E-06, 1.82E-06, 1.48E-06, 2.59E-06, 2.23E-06, 2.35E-06, 2.07E-06, 2.89E-06, 3.07E-06, 2.53E-06, 3.72E-06, 3.44E-06, 2.58E-06, 4.44E-06, 3.29E-06, 3.75E-06, 4.54E-06, 4.73E-06, 3.69E-06, 4.17E-06, 4.30E-06, 4.85E-06, 4.27E-06, 5.20E-06, 5.10E-06, 5.10E-06, 5.17E-06, 5.66E-06, 5.15E-06, 5.94E-06, 5.76E-06, 6.17E-06, 5.88E-06, 7.34E-06, 6.56E-06, 7.18E-06, 7.33E-06, 7.25E-06, 7.10E-06, 6.78E-06, 8.15E-06, 7.86E-06, 7.77E-06, 7.23E-06, 8.84E-06, 7.49E-06, 8.08E-06, 7.93E-06, 8.52E-06, 8.85E-06, 8.89E-06, 8.80E-06, 9.35E-06, 8.59E-06, 9.26E-06, 8.89E-06, 9.97E-06, 8.91E-06, 9.94E-06, 9.11E-06, 1.06E-05, 9.44E-06, 1.03E-05, 1.01E-05, 1.13E-05, 1.06E-05, 1.10E-05, 1.02E-05, 1.08E-05, 1.16E-05, 1.09E-05, 1.12E-05, 1.13E-05, 1.20E-05, 1.16E-05, 1.18E-05, 1.17E-05, 1.20E-05, 1.20E-05, 1.22E-05, 1.28E-05, 1.24E-05, 1.28E-05, 1.24E-05, 1.30E-05, 1.30E-05, 1.26E-05, 1.33E-05, 1.36E-05, 1.36E-05, 1.37E-05, 1.42E-05, 1.39E-05, 1.40E-05, 1.41E-05, 1.36E-05, 1.53E-05, 1.41E-05, 1.42E-05, 1.40E-05, 1.54E-05, 1.52E-05, 1.53E-05, 1.45E-05, 1.50E-05, 1.56E-05, 1.51E-05, 1.51E-05, 1.62E-05, 1.57E-05, 1.58E-05, 1.65E-05, 1.54E-05, 1.59E-05, 1.63E-05, 1.56E-05, 1.73E-05, 1.61E-05, 1.63E-05, 1.70E-05, 1.76E-05, 1.69E-05, 1.75E-05, 1.70E-05, 1.76E-05, 1.65E-05, 1.83E-05, 1.79E-05, 1.81E-05, 1.81E-05, 1.87E-05, 1.77E-05, 1.88E-05, 1.82E-05, 1.92E-05, 1.83E-05, 1.92E-05, 1.92E-05, 1.93E-05, 1.95E-05, 1.93E-05, 1.96E-05, 1.99E-05, 1.89E-05, 2.07E-05, 1.96E-05, 1.97E-05, 2.03E-05, 2.03E-05, 2.07E-05, 2.03E-05, 2.02E-05, 2.09E-05, 1.97E-05, 2.10E-05, 2.03E-05, 2.18E-05, 2.15E-05, 2.16E-05, 2.14E-05, 2.15E-05, 2.17E-05, 2.16E-05, 2.28E-05, 2.20E-05, 2.24E-05, 2.22E-05, 2.17E-05, 2.32E-05, 2.22E-05, 2.28E-05, 2.22E-05, 2.37E-05, 2.29E-05, 2.32E-05, 2.30E-05, 2.33E-05, 2.39E-05, 2.41E-05, 2.33E-05, 2.37E-05, 2.45E-05, 2.39E-05, 2.46E-05, 2.46E-05, 2.39E-05, 2.54E-05, 2.50E-05, 2.46E-05, 2.49E-05, 2.55E-05, 2.46E-05, 2.56E-05, 2.51E-05, 2.54E-05, 2.56E-05, 2.65E-05, 2.56E-05, 2.61E-05, 2.50E-05, 2.72E-05, 2.60E-05, 2.61E-05, 2.59E-05, 2.68E-05, 2.63E-05, 2.67E-05, 2.66E-05, 2.77E-05, 2.70E-05, 2.72E-05, 2.70E-05, 2.72E-05, 2.75E-05, 2.76E-05, 2.72E-05, 2.82E-05, 2.76E-05, 2.88E-05, 2.78E-05, 2.87E-05, 2.78E-05, 2.86E-05, 2.80E-05, 2.93E-05, 2.79E-05, 2.88E-05, 2.93E-05, 2.97E-05, 2.88E-05, 3.00E-05, 2.88E-05, 3.02E-05, 2.96E-05, 2.95E-05, 2.97E-05, 2.98E-05, 3.04E-05, 3.05E-05, 2.97E-05, 3.05E-05, 3.06E-05, 3.11E-05, 3.05E-05, 3.21E-05, 3.05E-05, 3.15E-05, 3.06E-05, 3.08E-05, 3.12E-05, 3.20E-05, 3.15E-05, 3.22E-05, 3.23E-05, 3.14E-05, 3.21E-05, 3.21E-05, 3.25E-05, 3.26E-05, 3.15E-05, 3.22E-05, 3.23E-05, 3.27E-05, 3.24E-05, 3.39E-05, 3.29E-05, 3.37E-05, 3.31E-05, 3.36E-05, 3.35E-05, 3.32E-05, 3.33E-05, 3.42E-05, 3.35E-05, 3.39E-05, 3.33E-05, 3.45E-05, 3.40E-05, 3.41E-05, 3.43E-05, 3.40E-05, 3.51E-05, 3.47E-05, 3.60E-05, 3.48E-05, 3.51E-05, 3.48E-05, 3.54E-05, 3.62E-05, 3.49E-05, 3.60E-05, 3.51E-05, 3.63E-05, 3.56E-05, 3.62E-05, 3.57E-05, 3.68E-05, 3.57E-05, 3.65E-05, 3.68E-05, 3.69E-05, 3.69E-05, 3.68E-05, 3.68E-05, 3.65E-05, 3.74E-05, 3.74E-05, 3.66E-05, 3.79E-05, 3.72E-05, 3.82E-05, 3.71E-05, 3.85E-05, 3.76E-05, 3.87E-05, 3.77E-05, 3.89E-05, 3.82E-05, 3.93E-05, 3.86E-05, 3.87E-05, 3.86E-05, 3.86E-05, 3.81E-05, 3.94E-05, 3.95E-05, 3.91E-05, 3.90E-05, 4.00E-05, 3.88E-05, 4.01E-05, 3.94E-05, 4.03E-05, 3.97E-05, 4.04E-05, 3.99E-05, 4.11E-05, 4.00E-05, 4.07E-05, 4.03E-05, 4.10E-05, 4.10E-05, 4.04E-05, 4.09E-05, 4.09E-05, 4.12E-05, 4.16E-05, 4.10E-05, 4.24E-05, 4.11E-05, 4.18E-05, 4.15E-05, 4.13E-05, 4.28E-05, 4.20E-05, 4.25E-05, 4.18E-05, 4.26E-05, 4.23E-05, 4.23E-05, 4.34E-05, 4.27E-05, 4.28E-05, 4.36E-05, 4.27E-05, 4.26E-05, 4.37E-05, 4.33E-05, 4.36E-05, 4.34E-05, 4.32E-05, 4.30E-05, 4.44E-05, 4.30E-05, 4.44E-05, 4.44E-05, 4.48E-05, 4.44E-05, 4.45E-05, 4.43E-05, 4.50E-05, 4.47E-05, 4.51E-05, 4.37E-05, 4.62E-05, 4.51E-05, 4.56E-05, 4.47E-05, 4.59E-05, 4.56E-05, 4.58E-05, 4.53E-05, 4.57E-05, 4.64E-05, 4.59E-05, 4.53E-05, 4.61E-05, 4.67E-05, 4.64E-05, 4.58E-05, 4.70E-05, 4.68E-05, 4.71E-05, 4.75E-05, 4.63E-05, 4.71E-05, 4.65E-05, 4.76E-05, 4.76E-05, 4.77E-05, 4.78E-05, 4.77E-05, 4.77E-05, 4.76E-05, 4.84E-05, 4.82E-05, 4.85E-05, 4.82E-05, 4.85E-05, 4.81E-05, 4.83E-05, 4.84E-05, 4.92E-05, 4.91E-05, 4.87E-05, 4.82E-05, 4.98E-05, 4.94E-05, 4.96E-05, 4.91E-05, 4.96E-05, 4.95E-05, 5.01E-05, 4.97E-05, 4.93E-05, 4.98E-05, 4.99E-05, 4.99E-05, 5.08E-05, 4.98E-05, 5.04E-05, 5.06E-05, 5.11E-05, 5.03E-05, 5.06E-05, 5.10E-05, 5.13E-05, 5.11E-05, 5.15E-05, 5.11E-05, 5.10E-05, 5.07E-05, 5.21E-05, 5.16E-05, 5.13E-05, 5.21E-05, 5.19E-05, 5.22E-05, 5.22E-05, 5.18E-05, 5.26E-05, 5.31E-05, 5.25E-05, 5.19E-05, 5.36E-05, 5.26E-05, 5.24E-05, 5.34E-05, 5.36E-05, 5.36E-05, 5.34E-05, 5.39E-05, 5.33E-05, 5.30E-05, 5.37E-05, 5.33E-05, 5.36E-05, 5.34E-05, 5.42E-05, 5.45E-05, 5.46E-05, 5.39E-05, 5.44E-05, 5.44E-05, 5.51E-05, 5.47E-05, 5.47E-05, 5.42E-05, 5.49E-05, 5.51E-05, 5.51E-05, 5.49E-05, 5.59E-05, 5.51E-05, 5.54E-05, 5.61E-05, 5.55E-05, 5.46E-05, 5.60E-05, 5.60E-05, 5.56E-05, 5.65E-05, 5.56E-05, 5.55E-05, 5.64E-05, 5.64E-05, 5.71E-05, 5.62E-05, 5.71E-05, 5.63E-05, 5.66E-05, 5.70E-05, 5.72E-05, 5.70E-05, 5.71E-05, 5.68E-05, 5.74E-05, 5.76E-05, 5.76E-05, 5.69E-05, 5.82E-05, 5.75E-05, 5.81E-05, 5.83E-05, 5.83E-05, 5.79E-05, 5.84E-05, 5.77E-05, 5.87E-05, 5.86E-05, 5.89E-05, 5.83E-05, 5.90E-05, 5.90E-05, 5.86E-05, 5.92E-05, 5.90E-05, 5.94E-05, 5.97E-05, 5.90E-05, 6.01E-05, 5.99E-05, 5.93E-05, 5.95E-05, 6.01E-05, 5.93E-05, 6.08E-05, 5.94E-05, 6.04E-05, 6.01E-05, 6.08E-05, 6.10E-05, 6.10E-05, 6.08E-05, 6.17E-05, 6.00E-05, 6.12E-05, 6.16E-05, 6.09E-05, 6.07E-05, 6.20E-05, 6.15E-05, 6.20E-05, 6.09E-05, 6.22E-05, 6.16E-05, 6.11E-05, 6.22E-05, 6.20E-05, 6.19E-05, 6.24E-05, 6.23E-05, 6.22E-05, 6.22E-05, 6.32E-05, 6.27E-05, 6.30E-05, 6.25E-05, 6.28E-05, 6.31E-05, 6.34E-05, 6.28E-05, 6.31E-05, 6.31E-05, 6.36E-05, 6.31E-05, 6.36E-05, 6.33E-05, 6.39E-05, 6.37E-05, 6.41E-05, 6.35E-05, 6.45E-05, 6.41E-05, 6.43E-05, 6.41E-05, 6.45E-05, 6.42E-05, 6.50E-05, 6.38E-05, 6.45E-05, 6.52E-05, 6.49E-05, 6.50E-05, 6.52E-05, 6.52E-05, 6.54E-05, 6.54E-05, 6.66E-05, 6.57E-05, 6.56E-05, 6.60E-05, 6.56E-05, 6.54E-05, 6.62E-05, 6.54E-05, 6.67E-05, 6.59E-05, 6.66E-05, 6.62E-05, 6.65E-05, 6.74E-05, 6.63E-05, 6.67E-05, 6.73E-05, 6.69E-05, 6.72E-05, 6.60E-05, 6.75E-05, 6.62E-05, 6.73E-05, 6.69E-05, 6.77E-05, 6.75E-05, 6.82E-05, 6.79E-05, 6.81E-05, 6.83E-05, 6.83E-05, 6.83E-05, 6.78E-05]

array = [LPRcurrent, LPRvoltage]

PlotAndSaveLPRGraph("foo.pdf", array, "Current (mA)", "Voltage (V vs SCE)")

# plotter.figure(figsize=(11, 8))
# plotter.semilogx(GetAbsOfArray(TPcurrent), TPvoltage, ".", markersize=3)
# plotter.ylabel("Voltage (V vs SCE)")
# plotter.xlabel("Current (mA)")
# # ploter.ticklabel_format(style='sci', axis='x', scilimits=(0, 0))
# # ploter.savefig('foo.png', dpi=600, bbox_inches='tight')
# plotter.show()